b31B: 101 1100 1011 0101 1011 1001 1111 1000
b32B: 0100 1000 0111 1111 1000 1000 1011 0110
b32B: 1010 1111 0000 1111 0110 1000 0111 0111
b31D: 111 0100 1100 1111 0101 1011 1101 1000
b32D: 0110 0111 1000 1000 1111 0010 0111 1000
b32D: 1011 1100 0011 0110 0101 0100 0101 1110
b29H: 1 0001 0010 0101 1010 0100 1001 0101
b32H: 0000 0000 0110 1010 1111 0010 0111 0101
b32H: 1111 1111 1111 1111 1111 1111 1001 0101
b31B: -101 1100 1011 0101 1011 1001 1111 1000
b32B: -0100 1000 0111 1111 1000 1000 1011 0110
b32B: -1010 1111 0000 1111 0110 1000 0111 0111
b31D: -111 0100 1100 1111 0101 1011 1101 1000
b32D: -0110 0111 1000 1000 1111 0010 0111 1000
b32D: -1011 1100 0011 0110 0101 0100 0101 1110
b29H: -1 0001 0010 0101 1010 0100 1001 0101
b32H: -0000 0000 0110 1010 1111 0010 0111 0101
b32H: -1111 1111 1111 1111 1111 1111 1001 0101
d7B: 2,317,947
d7B: +2,381,062
d9B: -237,759,788
d6D: 243,685
d9D: +243,325,642
d4D: -9,329
d9H: 130279820
d9H: +408606297
d9H: -279291731
h4B: DC58
h8B: 485D B562
h8B: C458 5214
h3D: D5E
h8D: 0045 CE45
h8D: 84CD 2551
h1H: E
h8H: 3AD9 8EA6
h8H: F937 D823
h4B: -DC58
h8B: -485D B562
h8B: -C458 5214
h3D: -D5E
h8D: -0045 CE45
h8D: -84CD 2551
h1H: -E
h8H: -3AD9 8EA6
h8H: -F937 D823

